,id,count_recall,count_precision,count_pf,cdom_score,bellwether
0,0,444,602,635,650,Droppy
